1480254139.000000, IBI
14.250652,0.828163
15.125692,0.875040
16.094487,0.968794
17.094532,1.000046
18.250835,1.156303
22.876047,0.890666
23.876093,1.000046
44.502037,1.078174
45.533334,1.031297
46.564631,1.031297
47.595929,1.031297
48.549097,0.953169
49.596020,1.046923
50.596066,1.000046
51.596112,1.000046
52.596158,1.000046
53.611829,1.015671
54.690003,1.078174
55.705675,1.015671
56.752598,1.046923
57.815146,1.062549
58.815192,1.000046
59.846489,1.031297
60.893412,1.046923
213.041002,0.921917
214.041047,1.000046
224.557154,0.812537
225.416568,0.859414
226.213480,0.796911
227.088520,0.875040
446.567316,0.531274
577.182669,0.984420
578.213967,1.031297
579.198387,0.984420
580.057801,0.859414
580.792210,0.734409
581.651624,0.859414
582.479787,0.828163
685.062608,0.718783
685.797016,0.734409
686.500173,0.703157
687.187705,0.687531
772.332227,0.937543
789.786151,0.906291
790.708068,0.921917
791.739365,1.031297
792.708160,0.968794
909.760392,1.109426
910.838567,1.078174
912.010495,1.171929
913.057418,1.046923
914.057464,1.000046
915.135638,1.078174
916.276316,1.140677
917.338864,1.062549
918.417039,1.078174
919.495213,1.078174
920.760896,1.265683
925.573616,1.078174
926.526785,0.953169
927.511205,0.984420
939.683637,1.062549
946.090180,1.140677
946.996472,0.906291
948.027769,1.031297
949.074692,1.046923
950.105989,1.031297
951.090409,0.984420
951.996701,0.906291
953.074875,1.078174
982.107454,0.812537
1001.998990,0.968794
1003.030287,1.031297
1003.999081,0.968794
1012.186956,1.031297
1013.218253,1.031297
1040.094483,0.953169
1041.094529,1.000046
1042.032072,0.937543
1043.016492,0.984420
1043.954035,0.937543
1045.032209,1.078174
1045.922875,0.890666
1046.860418,0.937543
1047.907341,1.046923
1048.766755,0.859414
1049.657421,0.890666
1050.657467,1.000046
1051.657513,1.000046
1052.641933,0.984420
1053.595101,0.953169
1054.579521,0.984420
1055.563941,0.984420
1056.532736,0.968794
1057.626536,1.093800
1058.485950,0.859414
1059.392242,0.906291
1060.361036,0.968794
1061.220450,0.859414
1062.142368,0.921917
1063.126788,0.984420
1064.079956,0.953169
1065.080002,1.000046
1066.001919,0.921917
1066.970714,0.968794
1067.783251,0.812537
1068.736419,0.953169
1069.689588,0.953169
1070.611505,0.921917
1071.674054,1.062549
1072.549094,0.875040
1073.502263,0.953169
1074.486683,0.984420
1075.486728,1.000046
1076.439897,0.953169
1077.408691,0.968794
1078.314983,0.906291
1079.143146,0.828163
1079.986934,0.843789
1080.908852,0.921917
1081.908897,1.000046
1082.924569,1.015671
1083.908989,0.984420
1084.924660,1.015671
1089.424866,0.921917
1090.440538,1.015671
1091.424958,0.984420
1092.346875,0.921917
1093.190664,0.843789
1094.096955,0.906291
1094.893867,0.796911
1095.737655,0.843789
1096.550193,0.812537
1097.222098,0.671906
1098.159641,0.937543
1103.909904,0.875040
1129.067306,1.062549
1130.114229,1.046923
1131.098649,0.984420
1131.989315,0.890666
1132.895606,0.906291
1133.801898,0.906291
1134.864446,1.062549
1135.739486,0.875040
1136.630152,0.890666
1202.711302,1.000046
1203.883230,1.171929
1235.119035,0.812537
1235.931573,0.812537
1236.775361,0.843789
1237.603524,0.828163
1238.494190,0.890666
1239.400481,0.906291
1240.369276,0.968794
1241.369322,1.000046
1242.416245,1.046923
1243.369413,0.953169
1252.901099,0.984420
1253.948022,1.046923
1254.963694,1.015671
1255.994991,1.031297
1256.979411,0.984420
1280.636744,0.890666
1281.480533,0.843789
1282.230567,0.750034
1283.152484,0.921917
1283.980647,0.828163
1337.748733,0.921917
1338.686276,0.937543
1339.686322,1.000046
1340.623865,0.937543
1341.623911,1.000046
1342.623956,1.000046
1343.608377,0.984420
1344.514668,0.906291
1345.467837,0.953169
1346.483508,1.015671
1347.483554,1.000046
1348.514851,1.031297
1349.499271,0.984420
1357.108994,0.765660
1357.796526,0.687531
1358.718443,0.921917
1366.296915,1.062549
1367.296961,1.000046
1368.390761,1.093800
1369.406432,1.015671
1370.750244,1.343812
1382.391402,1.046923
1383.438325,1.046923
1384.500873,1.062549
1385.516545,1.015671
1386.579093,1.062549
1387.579139,1.000046
1388.422928,0.843789
1389.204214,0.781286
1390.016751,0.812537
1390.985545,0.968794
1392.094971,1.109426
1393.220022,1.125051
1394.298197,1.078174
1395.266991,0.968794
1396.267037,1.000046
1397.220206,0.953169
1398.048368,0.828163
1398.751526,0.703157
1399.548437,0.796911
1400.235969,0.687531
1400.860997,0.625029
1401.517277,0.656280
1414.783509,1.109426
1415.799181,1.015671
1416.783601,0.984420
1417.752395,0.968794
1418.705564,0.953169
1419.705610,1.000046
1420.768158,1.062549
1421.846333,1.078174
1422.940133,1.093800
1424.033933,1.093800
1425.127733,1.093800
1426.237159,1.109426
1427.315333,1.078174
1428.409133,1.093800
1429.487308,1.078174
1430.502979,1.015671
1431.549902,1.046923
1432.628076,1.078174
1433.706251,1.078174
1434.768799,1.062549
1435.831348,1.062549
1436.862645,1.031297
1437.768937,0.906291
1438.768982,1.000046
1439.847157,1.078174
1440.925331,1.078174
1441.972254,1.046923
1443.050428,1.078174
1444.128603,1.078174
1445.191151,1.062549
1446.222449,1.031297
1447.269372,1.046923
1448.316294,1.046923
1449.347592,1.031297
1450.378889,1.031297
1451.410186,1.031297
1452.457109,1.046923
1453.504032,1.046923
1454.347821,0.843789
1455.254112,0.906291
1456.160403,0.906291
1457.113572,0.953169
1457.894858,0.781286
1458.707395,0.812537
1459.598061,0.890666
1460.598107,1.000046
1461.488772,0.890666
1462.363812,0.875040
1463.332607,0.968794
1464.332653,1.000046
1465.301447,0.968794
1466.160861,0.859414
1467.082778,0.921917
1468.004696,0.921917
1468.864110,0.859414
1480.364636,1.062549
1481.427185,1.062549
1482.442857,1.015671
1483.427277,0.984420
1484.427322,1.000046
1485.474245,1.046923
1486.583671,1.109426
1487.646220,1.062549
1488.755646,1.109426
1489.880697,1.125051
1490.958871,1.078174
1492.021420,1.062549
1492.958963,0.937543
1493.849629,0.890666
1494.787172,0.937543
1495.818469,1.031297
1496.881017,1.062549
1497.802935,0.921917
1498.787355,0.984420
1499.803026,1.015671
1500.803072,1.000046
1501.896872,1.093800
1502.803164,0.906291
1503.850086,1.046923
1504.865758,1.015671
1509.006572,0.968794
1514.913093,0.984420
1515.928764,1.015671
1516.897559,0.968794
1517.897604,1.000046
1518.913276,1.015671
1519.897696,0.984420
1520.897742,1.000046
1521.897788,1.000046
1522.804079,0.906291
1523.694745,0.890666
1524.663539,0.968794
1525.601082,0.937543
1526.507374,0.906291
1527.382414,0.875040
1528.335582,0.953169
1529.304377,0.968794
1530.304422,1.000046
1531.179462,0.875040
1532.085754,0.906291
1532.929543,0.843789
1533.710828,0.781286
1534.445237,0.734409
1535.226523,0.781286
1535.960931,0.734409
1536.695340,0.734409
1537.398497,0.703157
1538.070403,0.671906
1538.742309,0.671906
1539.492343,0.750034
1544.789460,0.968794
1545.711378,0.921917
1546.727049,1.015671
1547.867726,1.140677
1548.992778,1.125051
1550.117829,1.125051
1551.211629,1.093800
1552.305429,1.093800
1553.399230,1.093800
1554.477404,1.078174
1555.555578,1.078174
1556.633753,1.078174
1557.696301,1.062549
1558.727598,1.031297
1559.743270,1.015671
1560.805819,1.062549
1561.899619,1.093800
1562.930916,1.031297
1563.993464,1.062549
1565.040387,1.046923
1566.102936,1.062549
1567.149859,1.046923
1568.212408,1.062549
1569.149951,0.937543
1570.196873,1.046923
1571.228171,1.031297
1572.290719,1.062549
1573.197011,0.906291
1574.197057,1.000046
1575.197102,1.000046
1576.119020,0.921917
1577.228445,1.109426
1578.119111,0.890666
1578.931648,0.812537
1579.916068,0.984420
1588.963357,0.843789
1589.791520,0.828163
1590.791566,1.000046
1596.151186,0.937543
1597.026227,0.875040
1597.995021,0.968794
1598.995067,1.000046
1599.948235,0.953169
1600.885778,0.937543
1601.963953,1.078174
1603.057753,1.093800
1604.089050,1.031297
1605.120347,1.031297
1606.151644,1.031297
1607.151690,1.000046
1608.089233,0.937543
1609.136156,1.046923
1610.229956,1.093800
1611.292505,1.062549
1612.370679,1.078174
1613.433228,1.062549
1614.448899,1.015671
1615.511448,1.062549
1616.558371,1.046923
1617.511539,0.953169
1618.495959,0.984420
1619.511631,1.015671
1620.324168,0.812537
1621.136705,0.812537
1622.011745,0.875040
1622.918037,0.906291
1623.824328,0.906291
1624.668117,0.843789
1625.527531,0.859414
1626.308817,0.781286
