1480548623.000000, IBI
92.941754,0.953169
94.160560,1.218806
126.146399,1.031297
136.381243,1.031297
137.459417,1.078174
138.428212,0.968794
139.428257,1.000046
140.490806,1.062549
141.475226,0.984420
142.475272,1.000046
143.615949,1.140677
144.584743,0.968794
196.430867,1.156303
197.368410,0.937543
232.291883,0.968794
233.135672,0.843789
233.995086,0.859414
243.933041,1.015671
245.042467,1.109426
246.120641,1.078174
247.105062,0.984420
248.136359,1.031297
249.261410,1.125051
250.292707,1.031297
251.292753,1.000046
252.355302,1.062549
253.449102,1.093800
254.511651,1.062549
255.652328,1.140677
256.683625,1.031297
257.527414,0.843789
258.480582,0.953169
259.480628,1.000046
260.261914,0.781286
265.996551,0.984420
271.153037,0.828163
276.762669,0.937543
277.793966,1.031297
278.669006,0.875040
279.731555,1.062549
280.653472,0.921917
281.669144,1.015671
282.716067,1.046923
283.653610,0.937543
284.591152,0.937543
285.341187,0.750034
307.889094,1.093800
315.670700,1.031297
316.717623,1.046923
317.764546,1.046923
318.795843,1.031297
319.905269,1.109426
320.749058,0.843789
321.858483,1.109426
322.967909,1.109426
323.999206,1.031297
325.108632,1.109426
326.124304,1.015671
327.233729,1.109426
328.311904,1.078174
329.343201,1.031297
330.358872,1.015671
331.390170,1.031297
332.483970,1.093800
333.405887,0.921917
334.468436,1.062549
335.530984,1.062549
336.499779,0.968794
337.484199,0.984420
338.499870,1.015671
339.593670,1.093800
340.546839,0.953169
341.562510,1.015671
342.640685,1.078174
343.578228,0.937543
344.609525,1.031297
345.656448,1.046923
346.750248,1.093800
347.687791,0.937543
348.719088,1.031297
349.781636,1.062549
350.703554,0.921917
351.719225,1.015671
352.781774,1.062549
358.813300,1.062549
359.844597,1.031297
360.829017,0.984420
361.875940,1.046923
362.813483,0.937543
363.719774,0.906291
364.563563,0.843789
365.407352,0.843789
366.235515,0.828163
367.173058,0.937543
368.110600,0.937543
369.095021,0.984420
370.173195,1.078174
371.079486,0.906291
372.110784,1.031297
373.157706,1.046923
374.157752,1.000046
375.110921,0.953169
376.095341,0.984420
377.236018,1.140677
378.157935,0.921917
409.565623,0.906291
410.534417,0.968794
411.425083,0.890666
412.284497,0.859414
413.128286,0.843789
414.112706,0.984420
415.144003,1.031297
415.972166,0.828163
416.972212,1.000046
417.956632,0.984420
418.972304,1.015671
419.847344,0.875040
421.003647,1.156303
427.988341,1.093800
436.629362,1.062549
437.598156,0.968794
438.613828,1.015671
439.692002,1.078174
440.848305,1.156303
449.348694,1.031297
450.504997,1.156303
451.458166,0.953169
452.489463,1.031297
453.505134,1.015671
454.473929,0.968794
455.520852,1.046923
456.599026,1.078174
457.567820,0.968794
458.583492,1.015671
459.692918,1.109426
460.614835,0.921917
461.614881,1.000046
462.677429,1.062549
463.599346,0.921917
464.568141,0.968794
465.630689,1.062549
466.536981,0.906291
467.537027,1.000046
468.615201,1.078174
469.568370,0.953169
480.709505,0.890666
481.725176,1.015671
482.787725,1.062549
483.662765,0.875040
484.678436,1.015671
485.740985,1.062549
486.662902,0.921917
487.631696,0.968794
488.631742,1.000046
489.709917,1.078174
490.647460,0.937543
491.663131,1.015671
492.772557,1.109426
493.631971,0.859414
494.632017,1.000046
495.694566,1.062549
496.569606,0.875040
497.600903,1.031297
498.632200,1.031297
499.554117,0.921917
500.507286,0.953169
501.507332,1.000046
502.523003,1.015671
503.413669,0.890666
504.382463,0.968794
505.335632,0.953169
506.288800,0.953169
507.148215,0.859414
508.163886,1.015671
509.054552,0.890666
509.976469,0.921917
510.882761,0.906291
511.898432,1.015671
512.726595,0.828163
513.695390,0.968794
514.726687,1.031297
515.664230,0.937543
516.617398,0.953169
517.648695,1.031297
518.758121,1.109426
519.695664,0.937543
520.773839,1.078174
521.914516,1.140677
522.930187,1.015671
523.930233,1.000046
524.992782,1.062549
526.133459,1.140677
527.071002,0.937543
528.133550,1.062549
529.211725,1.078174
530.133642,0.921917
531.149313,1.015671
532.243114,1.093800
533.149405,0.906291
534.180702,1.031297
535.258877,1.078174
536.196419,0.937543
537.165214,0.968794
538.118382,0.953169
539.118428,1.000046
540.024720,0.906291
541.024765,1.000046
542.118566,1.093800
542.993606,0.875040
543.993651,1.000046
545.118703,1.125051
546.009369,0.890666
547.040666,1.031297
548.103215,1.062549
548.947003,0.843789
549.900172,0.953169
550.931469,1.031297
551.790883,0.859414
576.213876,0.406269
576.604519,0.390643
577.010788,0.406269
577.385805,0.375017
577.792073,0.406269
578.198342,0.406269
578.604611,0.406269
578.964002,0.359391
579.370271,0.406269
579.776539,0.406269
580.167182,0.390643
580.557825,0.390643
580.964094,0.406269
581.370362,0.406269
581.745379,0.375017
582.136022,0.390643
582.542291,0.406269
582.948560,0.406269
583.323577,0.375017
583.729845,0.406269
584.136114,0.406269
584.542382,0.406269
584.917400,0.375017
585.308043,0.390643
585.714311,0.406269
586.104954,0.390643
586.495597,0.390643
586.901865,0.406269
587.308134,0.406269
587.683151,0.375017
588.089420,0.406269
588.480063,0.390643
588.886331,0.406269
589.261348,0.375017
589.667617,0.406269
590.073886,0.406269
590.480154,0.406269
590.855171,0.375017
591.245814,0.390643
591.652083,0.406269
592.058352,0.406269
592.433369,0.375017
592.839637,0.406269
593.245906,0.406269
593.620923,0.375017
594.027192,0.406269
594.417835,0.390643
594.824103,0.406269
595.214746,0.390643
595.605389,0.390643
596.011657,0.406269
596.417926,0.406269
596.792943,0.375017
597.183586,0.390643
597.589855,0.406269
597.980498,0.390643
598.371140,0.390643
598.777409,0.406269
599.183678,0.406269
599.558695,0.375017
599.964963,0.406269
600.355606,0.390643
600.761875,0.406269
601.136892,0.375017
601.543161,0.406269
601.949429,0.406269
602.340072,0.390643
602.730715,0.390643
603.121358,0.390643
603.527627,0.406269
603.918269,0.390643
604.308912,0.390643
604.715181,0.406269
605.121449,0.406269
605.496467,0.375017
605.902735,0.406269
606.293378,0.390643
606.699647,0.406269
607.074664,0.375017
607.480932,0.406269
607.887201,0.406269
608.277844,0.390643
608.652861,0.375017
609.059130,0.406269
609.465398,0.406269
609.856041,0.390643
610.246684,0.390643
610.652953,0.406269
611.059221,0.406269
611.434238,0.375017
611.840507,0.406269
612.231150,0.390643
612.637419,0.406269
613.012436,0.375017
613.418704,0.406269
613.824973,0.406269
614.215616,0.390643
614.606259,0.390643
614.996902,0.390643
615.403170,0.406269
615.793813,0.390643
616.184456,0.390643
616.590724,0.406269
616.996993,0.406269
617.372010,0.375017
617.762653,0.390643
618.168922,0.406269
618.575190,0.406269
618.950207,0.375017
619.356476,0.406269
619.762745,0.406269
620.169013,0.406269
620.528405,0.359391
620.934673,0.406269
621.340942,0.406269
621.731585,0.390643
622.122228,0.390643
622.528496,0.406269
622.934765,0.406269
623.294156,0.359391
623.716051,0.421894
624.106694,0.390643
624.528588,0.421894
624.887979,0.359391
625.294248,0.406269
625.700516,0.406269
626.091159,0.390643
626.466177,0.375017
626.872445,0.406269
627.278714,0.406269
627.669357,0.390643
628.059999,0.390643
628.466268,0.406269
628.872537,0.406269
629.247554,0.375017
629.638197,0.390643
630.044465,0.406269
630.450734,0.406269
630.841377,0.390643
631.232020,0.390643
631.638288,0.406269
632.028931,0.390643
632.403948,0.375017
632.810217,0.406269
633.216486,0.406269
633.607128,0.390643
633.997771,0.390643
634.404040,0.406269
634.810308,0.406269
635.185326,0.375017
635.575969,0.390643
635.982237,0.406269
636.388506,0.406269
636.763523,0.375017
637.169791,0.406269
637.576060,0.406269
637.966703,0.390643
638.357346,0.390643
638.747989,0.390643
639.154257,0.406269
639.529274,0.375017
639.935543,0.406269
640.341812,0.406269
640.748080,0.406269
641.123097,0.375017
641.513740,0.390643
641.920009,0.406269
642.326277,0.406269
642.701295,0.375017
643.107563,0.406269
643.513832,0.406269
643.904475,0.390643
644.295118,0.390643
644.685760,0.390643
645.092029,0.406269
645.467046,0.375017
645.873315,0.406269
646.279583,0.406269
646.685852,0.406269
647.045244,0.359391
647.467138,0.421894
647.857781,0.390643
648.264049,0.406269
648.639066,0.375017
649.045335,0.406269
649.451604,0.406269
649.842247,0.390643
650.217264,0.375017
650.623532,0.406269
651.029801,0.406269
651.404818,0.375017
651.811087,0.406269
652.217355,0.406269
652.623624,0.406269
652.998641,0.375017
653.389284,0.390643
653.795552,0.406269
654.201821,0.406269
654.576838,0.375017
654.983107,0.406269
655.389375,0.406269
655.780018,0.390643
656.170661,0.390643
656.561304,0.390643
656.967573,0.406269
657.342590,0.375017
657.748858,0.406269
658.155127,0.406269
658.561396,0.406269
658.967664,0.406269
659.327056,0.359391
659.733324,0.406269
660.139593,0.406269
660.514610,0.375017
660.920879,0.406269
661.327147,0.406269
661.717790,0.390643
662.108433,0.390643
662.499076,0.390643
662.905344,0.406269
663.280362,0.375017
663.702256,0.421894
664.092899,0.390643
664.499167,0.406269
664.858559,0.359391
665.264827,0.406269
665.671096,0.406269
666.077365,0.406269
666.452382,0.375017
666.858650,0.406269
667.264919,0.406269
667.655562,0.390643
668.030579,0.375017
668.436848,0.406269
668.843116,0.406269
669.233759,0.390643
669.624402,0.390643
670.030671,0.406269
670.436939,0.406269
670.811956,0.375017
671.202599,0.390643
671.608868,0.406269
672.015136,0.406269
672.390154,0.375017
672.796422,0.406269
673.202691,0.406269
673.593334,0.390643
673.983977,0.390643
674.374619,0.390643
674.780888,0.406269
675.155905,0.375017
675.562174,0.406269
675.968442,0.406269
676.374711,0.406269
676.749728,0.375017
677.140371,0.390643
677.546640,0.406269
677.952908,0.406269
678.343551,0.390643
678.734194,0.390643
679.140463,0.406269
679.531106,0.390643
